Точки: 1,000000 1,100000 1,200000 1,300000 1,400000 1,500000 1,600000 1,700000 1,800000 1,900000 2,000000 
Результат: 
1 уравнение: 1,000000 -0,059812 -1,666261 -3,595389 -5,892266 -8,603599 -11,776779 -15,458876 -19,695499 -24,529538 -29,999784 
2 уравнение: 1,000000 3,170722 6,377878 10,394886 15,443702 21,803677 29,822829 39,929139 52,643028 68,590794 88,519018 
3 уравнение: 1,000000 0,937394 0,669266 0,467328 0,383874 0,487657 0,867097 1,633455 2,924309 4,907280 7,783988 
4 уравнение: 1,000000 0,720705 -0,718724 -2,864615 -5,937912 -10,206603 -15,992909 -23,680328 -33,721321 -46,645469 -63,068110 
5 уравнение: 1,000000 1,578267 2,283269 2,978408 3,552801 3,845810 3,635945 2,629874 0,450370 -3,376599 -9,435603 
6 уравнение: 1,000000 0,831224 0,754739 0,828306 1,130651 1,765901 2,869215 4,612432 7,210314 10,927260 16,084509 
7 уравнение: 1,000000 1,465443 2,113339 3,046517 4,408502 6,391651 9,247475 13,296923 18,941726 26,676574 37,102136 
8 уравнение: 1,000000 -0,974675 -3,763516 -7,580091 -12,841094 -20,083893 -29,988537 -43,399437 -61,349063 -85,083204 -116,087790 
9 уравнение: 1,000000 -0,579178 -3,613125 -7,412615 -12,205598 -18,278623 -25,986968 -35,764635 -48,135262 -63,723771 -83,268720 
10 уравнение: 1,000000 0,158733 -1,301992 -3,083987 -5,275905 -7,989779 -11,365011 -15,572240 -20,817546 -27,346889 -35,450789 
11 уравнение: 1,000000 2,145496 3,576016 5,146708 6,843359 8,650067 10,550632 12,530094 14,576533 16,683110 18,850343 
12 уравнение: 1,000000 1,675088 2,824407 4,193628 5,843687 7,853837 10,325547 13,386448 17,194709 21,943781 27,867493 
13 уравнение: 1,000000 1,322156 2,028060 3,020334 4,383340 6,218340 8,645744 11,807280 15,868341 21,020435 27,483772 
14 уравнение: 1,000000 1,232140 0,645889 -0,927585 -3,917753 -8,862335 -16,425153 -27,413625 -42,797853 -63,730895 -91,570253 
15 уравнение: 1,000000 -0,019663 -1,839332 -4,138923 -7,066525 -10,811324 -15,611491 -21,761996 -29,623188 -39,629978 -52,301615 
16 уравнение: 1,000000 -1,327914 -4,301706 -8,535941 -14,474662 -22,672778 -33,814429 -48,730954 -68,420455 -94,068551 -127,070342 
17 уравнение: 1,000000 0,619019 0,482751 0,460963 0,546151 0,718660 0,944868 1,175556 1,344225 1,365413 1,133021 
18 уравнение: 1,000000 2,421843 4,401061 7,207462 11,094210 16,372360 23,420730 32,695662 44,741694 60,202968 79,835342 
19 уравнение: 1,000000 2,637370 5,085727 8,032222 11,528423 15,621756 20,353083 25,754222 31,845195 38,631220 46,099479 
20 уравнение: 1,000000 0,582928 -0,786504 -3,526258 -8,106866 -15,095999 -25,172406 -39,139478 -57,939944 -82,671415 -114,602760 
21 уравнение: 1,000000 1,261997 2,263590 3,980584 6,676719 10,678636 16,386273 24,283091 34,947230 49,063390 67,435431 
22 уравнение: 1,000000 3,354341 7,304302 12,620736 19,727964 29,149730 41,524874 57,622596 78,359016 104,814694 138,253110 
23 уравнение: 1,000000 1,067165 1,358871 1,564797 1,682165 1,717840 1,691022 1,635950 1,604906 1,671449 1,933899 
24 уравнение: 1,000000 1,500611 2,753135 4,354720 6,435670 9,165478 12,760453 17,491306 23,691487 31,766125 42,201570 
25 уравнение: 1,000000 -0,119466 -1,661798 -3,751992 -6,598932 -10,470857 -15,706455 -22,725859 -32,042697 -44,276999 -60,168936 
26 уравнение: 1,000000 2,370159 4,134914 6,326090 9,067480 12,511113 16,840800 22,275470 29,072714 37,532441 48,000662 
27 уравнение: 1,000000 0,489446 -0,120537 -0,687469 -1,153271 -1,441496 -1,453865 -1,066856 -0,127990 1,548133 4,184033 
28 уравнение: 1,000000 1,142188 1,201997 1,440606 1,936595 2,788712 4,119335 6,077886 8,844543 12,634208 17,700699 
29 уравнение: 1,000000 2,815603 5,285114 8,659526 13,206930 19,252488 27,186660 37,473186 50,657726 67,376980 88,368288 
30 уравнение: 1,000000 1,417797 2,155056 3,369718 5,269519 8,120302 12,256406 18,090891 26,126697 36,968524 51,335431 
31 уравнение: 1,000000 0,293595 -0,854952 -2,299791 -4,112221 -6,385179 -9,239055 -12,827638 -17,344778 -23,031646 -30,184591 
32 уравнение: 1,000000 -0,131532 -1,632064 -3,826667 -6,957222 -11,323389 -17,292226 -25,307714 -35,901193 -49,702523 -67,451964 
33 уравнение: 1,000000 1,548151 2,461871 3,803833 5,743059 8,495225 12,331512 17,587420 24,672489 34,080739 46,401831 
34 уравнение: 1,000000 2,789007 5,597042 9,931933 16,357234 25,578275 38,466414 56,082893 79,704870 110,853147 151,321562 
35 уравнение: 1,000000 1,648838 2,447131 3,129280 3,553977 3,529169 2,801487 1,045720 -2,146761 -7,280427 -14,968847 
36 уравнение: 1,000000 3,106856 6,951238 11,874790 18,117157 25,950591 35,681321 47,650657 62,236010 79,851789 100,950185 
37 уравнение: 1,000000 -0,784755 -4,286558 -9,331737 -16,515350 -26,588782 -40,485813 -59,348103 -84,552912 -117,742501 -160,855208 
38 уравнение: 1,000000 -1,266063 -5,332635 -10,728408 -17,812403 -27,015053 -38,847717 -53,911834 -72,908766 -96,650112 -126,068511 
39 уравнение: 1,000000 1,192785 2,248407 3,782642 5,997521 9,158462 13,607535 19,776689 28,202334 39,541001 54,586079 
40 уравнение: 1,000000 -1,264889 -4,484735 -8,227680 -12,523436 -17,395227 -22,858066 -28,917040 -35,565462 -42,782879 -50,532984 
41 уравнение: 1,000000 2,165944 3,609798 5,505761 7,935121 10,986471 14,755971 19,347581 24,873301 31,453411 39,216711 
42 уравнение: 1,000000 2,255816 4,118266 6,142425 8,310290 10,596282 12,965770 15,373605 17,762496 20,061274 22,183028 
43 уравнение: 1,000000 0,881423 0,648471 0,511780 0,531075 0,785099 1,375785 2,432420 4,116277 6,625583 10,200871 
44 уравнение: 1,000000 0,491037 -1,011169 -3,617366 -7,709580 -13,750021 -22,292080 -33,990946 -49,615070 -70,058221 -96,352150 
45 уравнение: 1,000000 2,783416 5,697178 9,276448 13,630507 18,874366 25,126414 32,505882 41,129899 51,110195 62,549441 
46 уравнение: 1,000000 0,995425 1,387865 1,913975 2,567247 3,329022 4,165540 5,025002 5,834326 6,495673 6,882723 
47 уравнение: 1,000000 2,481731 4,819782 7,967062 12,095072 17,394289 24,074502 32,364982 42,514538 54,791461 69,483340 
48 уравнение: 1,000000 1,538231 3,026717 5,061012 7,796625 11,418392 16,143762 22,225905 29,957013 39,671713 51,750617 
49 уравнение: 1,000000 1,785397 2,329553 2,330807 1,537070 -0,360822 -3,737327 -9,040186 -16,799060 -27,634647 -42,268288 
50 уравнение: 1,000000 0,857830 0,282066 -0,586220 -1,867827 -3,716968 -6,327424 -9,938653 -14,842516 -21,390474 -30,001265 
51 уравнение: 1,000000 2,927733 4,853874 6,672955 8,249319 9,412753 9,953026 9,614548 8,090550 5,016902 -0,034427 
52 уравнение: 1,000000 0,294483 -1,724972 -4,998811 -10,007869 -17,357310 -27,798193 -42,248617 -61,816764 -87,825373 -121,837663 
53 уравнение: 1,000000 -0,141047 -2,369712 -5,314179 -9,224828 -14,415594 -21,273928 -30,270479 -41,969598 -57,040434 -76,268638 
54 уравнение: 1,000000 2,458224 5,004710 8,743899 14,050459 21,378700 31,274262 44,385506 61,475870 83,436955 111,302321 
55 уравнение: 1,000000 2,270523 4,454981 7,305129 10,950963 15,533279 21,202539 28,117562 36,443968 46,352377 58,016369 
56 уравнение: 1,000000 -0,273521 -2,168797 -4,682664 -7,972705 -12,227847 -17,673298 -24,575431 -33,247114 -44,053417 -57,417671 
57 уравнение: 1,000000 0,272312 -1,309312 -3,495488 -6,525095 -10,699969 -16,394861 -24,067121 -34,267198 -47,649743 -64,985305 
58 уравнение: 1,000000 2,926481 5,539669 8,625997 12,241679 16,445820 21,300162 26,868844 33,218165 40,416347 48,533289 
59 уравнение: 1,000000 4,181662 8,860859 14,741098 22,113332 31,330706 42,818702 57,085118 74,730996 96,462254 123,102054 
60 уравнение: 1,000000 0,325656 -0,670056 -2,150940 -4,279936 -7,257052 -11,325079 -16,775166 -23,952884 -33,264643 -45,184472 
61 уравнение: 1,000000 1,693356 2,457535 3,228814 3,966902 4,620227 5,124199 5,399507 5,350262 4,862013 3,799650 
62 уравнение: 1,000000 -2,182700 -6,508589 -12,228612 -19,738303 -29,523136 -42,173600 -58,400066 -79,049043 -105,120521 -137,786391 
63 уравнение: 1,000000 1,237193 1,403939 1,382233 1,060707 0,297141 -1,086736 -3,310354 -6,639882 -11,394170 -17,951049 
64 уравнение: 1,000000 -0,578968 -3,061840 -6,575735 -11,443604 -18,059370 -26,898404 -38,527675 -53,616734 -72,949290 -97,435394 
65 уравнение: 1,000000 2,234307 4,248587 7,045379 10,881707 16,077607 23,026777 32,207039 44,191731 59,661835 79,418809 
66 уравнение: 1,000000 2,947276 6,732308 12,106136 19,653108 30,112807 44,407512 63,669222 89,269179 122,849302 166,355550 
67 уравнение: 1,000000 -2,122086 -5,972590 -10,634015 -16,289802 -23,162260 -31,518279 -41,674908 -54,005418 -68,945718 -87,001138 
68 уравнение: 1,000000 2,824436 4,716342 6,905708 9,425679 12,313054 15,608983 19,359735 23,617600 28,441909 33,900171 
69 уравнение: 1,000000 2,384298 4,447258 6,768967 9,359278 12,222811 15,356788 18,748787 22,374230 26,193615 30,149524 
70 уравнение: 1,000000 0,264363 -1,988582 -5,253010 -9,853017 -16,184924 -24,728453 -36,057643 -50,852734 -69,912766 -94,168899 
71 уравнение: 1,000000 0,587381 -0,092855 -1,050431 -2,380783 -4,200658 -6,650886 -9,899018 -14,142143 -19,609832 -26,567195 
72 уравнение: 1,000000 2,126467 4,096811 6,227255 8,496158 10,877625 13,341945 15,856128 18,384565 20,889806 23,333460 
73 уравнение: 1,000000 0,045361 -1,137856 -3,097226 -6,100986 -10,479677 -16,636539 -25,057733 -36,323497 -51,120032 -70,252098 
74 уравнение: 1,000000 1,254123 1,352211 1,112919 0,394308 -0,976251 -3,206316 -6,542488 -11,274847 -17,741633 -26,334166 
75 уравнение: 1,000000 2,606445 5,531174 9,413171 14,443793 20,833318 28,810586 38,622397 50,532672 64,821369 81,783169 
76 уравнение: 1,000000 1,645687 1,949147 1,684632 0,501525 -2,058274 -6,580365 -13,797588 -24,611623 -40,116030 -61,620729 
77 уравнение: 1,000000 1,476460 2,058311 2,940151 4,239558 6,099075 8,688541 12,207198 16,885845 22,989001 30,817068 
78 уравнение: 1,000000 0,404088 -0,965318 -3,008092 -5,871951 -9,719276 -14,727198 -21,087526 -29,006570 -38,704841 -50,416629 
79 уравнение: 1,000000 0,253609 -1,215522 -3,480246 -6,848594 -11,707960 -18,538704 -27,927546 -40,582206 -57,347004 -79,219420 
80 уравнение: 1,000000 1,355700 1,506001 1,527092 1,397976 1,101635 0,626496 -0,032088 -0,870230 -1,873757 -3,016362 
81 уравнение: 1,000000 0,616800 -0,283323 -1,553137 -3,293285 -5,619843 -8,665352 -12,579750 -17,531338 -23,707737 -31,316845 
82 уравнение: 1,000000 -1,117968 -4,245470 -8,080925 -12,789349 -18,574840 -25,687949 -34,433025 -45,176319 -58,354680 -74,484859 
83 уравнение: 1,000000 1,778099 3,562710 6,323774 10,398459 16,200575 24,232262 35,095381 49,503870 68,296830 92,452321 
84 уравнение: 1,000000 2,570118 4,993327 8,269678 12,645834 18,421767 25,959167 35,689725 48,124191 63,862033 83,601704 
85 уравнение: 1,000000 0,906128 0,756068 0,715570 0,879937 1,380061 2,390053 4,134823 6,898420 11,032975 16,968237 
86 уравнение: 1,000000 1,797718 2,737594 3,946612 5,555434 7,738433 10,722101 14,793325 20,308457 27,702967 37,501704 
87 уравнение: 1,000000 2,926265 6,107518 10,157162 15,294711 21,784161 29,940221 40,134362 52,801353 68,446165 87,651227 
88 уравнение: 1,000000 1,384830 1,749272 1,750552 1,148206 -0,374152 -3,223391 -7,911261 -15,070174 -25,470057 -40,036302 
89 уравнение: 1,000000 0,795220 0,341736 -0,302589 -1,238838 -2,597638 -4,544098 -7,282689 -11,062580 -16,183342 -23,001004 
90 уравнение: 1,000000 1,801135 2,943252 4,452048 6,385944 8,800369 11,744634 15,258688 19,369462 24,086845 29,399308 
91 уравнение: 1,000000 0,170454 -1,213321 -3,252626 -6,153190 -10,163315 -15,579850 -22,754006 -32,097652 -44,089979 -59,284516 
92 уравнение: 1,000000 0,469470 -0,383643 -1,115454 -1,616437 -1,737013 -1,277561 0,021700 2,491988 6,548204 12,702129 
93 уравнение: 1,000000 1,446892 1,395936 0,844366 -0,427199 -2,696898 -6,312722 -11,703501 -19,390963 -30,002641 -44,285603 
94 уравнение: 1,000000 -1,016201 -4,035041 -8,291693 -14,158114 -22,086005 -32,618767 -46,403120 -64,201704 -86,906399 -115,552366 
95 уравнение: 1,000000 2,131578 4,504971 8,101496 13,305392 20,579175 30,474375 43,641923 60,843368 82,962701 111,018772 
96 уравнение: 1,000000 1,536574 2,342131 3,267067 4,278871 5,325304 6,329977 7,187940 7,760822 7,871614 7,299085 
97 уравнение: 1,000000 0,185360 -0,686326 -1,796092 -3,200297 -4,964622 -7,164847 -9,887552 -13,230837 -17,305042 -22,233467 
98 уравнение: 1,000000 3,578482 6,890816 10,542318 14,429681 18,400057 22,241614 25,674325 28,339938 29,791363 29,481451 
99 уравнение: 1,000000 -0,017654 -1,807604 -4,057294 -6,817648 -10,134798 -14,048094 -18,588167 -23,774827 -29,614843 -36,099606 
100 уравнение: 1,000000 3,725628 8,295609 14,924081 24,235223 36,975756 54,030260 76,435835 105,397821 142,306237 188,752945 
101 уравнение: 1,000000 1,604509 1,836469 1,707316 1,010668 -0,519815 -3,221522 -7,513884 -13,910430 -23,031691 -35,618936 
102 уравнение: 1,000000 -0,463733 -2,519723 -5,205612 -8,635042 -12,930709 -18,223922 -24,654072 -32,367968 -41,519061 -52,266540 
103 уравнение: 1,000000 0,994194 0,029819 -1,271745 -2,999496 -5,252029 -8,136406 -11,766845 -16,263168 -21,748993 -28,349702 
104 уравнение: 1,000000 -0,393630 -2,421208 -4,900228 -7,937130 -11,664846 -16,248177 -21,889201 -28,833279 -37,375532 -47,867798 
105 уравнение: 1,000000 3,362959 6,479601 10,065075 14,178886 18,893894 24,299260 30,503382 37,637141 45,857377 55,350610 
106 уравнение: 1,000000 0,546733 -0,180803 -1,337500 -3,075372 -5,581539 -9,084119 -13,858113 -20,231882 -28,594104 -39,401220 
107 уравнение: 1,000000 1,669639 2,907313 4,914829 7,991071 12,507854 18,921358 27,783283 39,752968 55,610235 76,268943 
108 уравнение: 1,000000 1,627000 2,432134 3,425058 4,658776 6,197468 8,117963 10,511212 13,483904 17,160209 21,683638 
109 уравнение: 1,000000 2,254085 3,610329 5,053061 6,555059 8,074276 9,549682 10,897088 12,004523 12,727258 12,882463 
110 уравнение: 1,000000 -0,840389 -2,514865 -4,132280 -5,568330 -6,659522 -7,195547 -6,911694 -5,480513 -2,502875 2,501570 
111 уравнение: 1,000000 1,244334 1,094004 0,956625 0,899216 1,020673 1,459149 2,399392 4,080852 6,806380 10,951526 
112 уравнение: 1,000000 1,993960 3,338872 4,630333 5,772974 6,642974 7,082864 6,896413 5,843052 3,631930 -0,084382 
113 уравнение: 1,000000 1,874549 2,501854 3,216978 4,014556 4,879523 5,783729 6,682465 7,510560 8,178125 8,565930 
114 уравнение: 1,000000 0,861332 0,708853 0,800346 1,305331 2,445764 4,505214 7,837852 12,878228 20,151651 30,285171 
115 уравнение: 1,000000 0,025469 -0,588324 -1,189867 -1,755011 -2,251978 -2,639188 -2,863020 -2,855296 -2,530515 -1,782857 
116 уравнение: 1,000000 0,282003 -0,732665 -2,157256 -4,139858 -6,869658 -10,584825 -15,580329 -22,216521 -30,928311 -42,234948 
117 уравнение: 1,000000 0,015337 -1,616129 -3,890356 -6,955419 -10,979786 -16,154306 -22,694149 -30,840906 -40,864807 -53,067061 
118 уравнение: 1,000000 -0,247546 -2,008940 -4,050694 -6,414244 -9,151160 -12,325584 -16,016694 -20,321472 -25,357696 -31,267188 
119 уравнение: 1,000000 2,422645 4,065925 6,238748 9,129065 12,978623 18,093102 24,852101 33,720062 45,257904 60,135387 
120 уравнение: 1,000000 -0,878058 -3,487455 -6,847212 -11,083465 -16,328032 -22,716492 -30,386185 -39,473931 -50,113510 -62,432901 
121 уравнение: 1,000000 2,928605 5,492731 8,301714 11,258244 14,216669 16,972420 19,251487 20,698839 20,866007 19,197820 
122 уравнение: 1,000000 0,142163 -0,905070 -1,924752 -2,849805 -3,593580 -4,046398 -4,072139 -3,504523 -2,143150 0,250699 
123 уравнение: 1,000000 0,584877 -0,404715 -1,743787 -3,519339 -5,830747 -8,790102 -12,522374 -17,165472 -22,870186 -29,800007 
124 уравнение: 1,000000 2,066667 3,455047 5,484598 8,337613 12,228821 17,408933 24,167978 32,838847 43,800949 57,483995 
125 уравнение: 1,000000 0,731441 1,192445 2,585232 5,291479 9,784053 16,641655 26,563146 40,383144 59,088590 83,836265 
126 уравнение: 1,000000 3,995499 7,964472 12,815247 18,717051 25,871109 34,516281 44,934707 57,458047 72,474201 90,434509 
127 уравнение: 1,000000 3,210673 6,256718 10,236904 15,391245 22,006036 30,420088 41,030770 54,300553 70,763907 91,034561 
128 уравнение: 1,000000 -2,026712 -7,216695 -14,041291 -22,956387 -34,513153 -49,371290 -68,311818 -92,250877 -122,254247 -159,552589 
129 уравнение: 1,000000 3,089376 5,671736 8,544217 11,752329 15,360112 19,454556 24,150010 29,593045 35,967670 43,500915 
130 уравнение: 1,000000 0,125732 -0,747795 -1,430520 -1,807215 -1,733057 -1,027985 0,528941 3,205781 7,324435 13,267843 
131 уравнение: 1,000000 2,127155 3,632924 5,943134 9,344029 14,191729 20,924103 30,072461 42,274334 58,287091 79,002403 
132 уравнение: 1,000000 -0,230054 -2,027606 -4,038478 -6,277601 -8,763067 -11,517087 -14,566991 -17,946368 -21,696329 -25,866883 
133 уравнение: 1,000000 1,489974 1,601663 1,886384 2,463513 3,493629 5,186663 7,809944 11,697023 17,257089 24,984993 
134 уравнение: 1,000000 0,896987 0,504423 -0,331363 -1,806742 -4,166492 -7,710802 -12,802023 -19,871924 -29,429316 -42,068028 
135 уравнение: 1,000000 -0,815773 -3,414431 -7,125819 -12,266238 -19,210755 -28,400028 -40,346759 -55,642526 -74,964871 -99,084612 
136 уравнение: 1,000000 1,592214 2,910114 5,080188 8,435824 13,395498 20,477151 30,312281 43,661309 61,429896 84,686220 
137 уравнение: 1,000000 2,702656 5,379904 8,714532 12,839181 17,903123 24,072158 31,528245 40,468906 51,106380 63,666547 
138 уравнение: 1,000000 -4,008299 -11,857405 -22,710538 -37,523347 -57,471479 -83,984873 -118,781231 -163,902372 -221,752756 -295,140163 
139 уравнение: 1,000000 2,226130 4,727977 8,153754 12,761832 18,858607 26,804039 37,016928 49,980553 66,248556 86,451056 
140 уравнение: 1,000000 0,928757 0,804337 0,580389 0,249632 -0,187369 -0,719512 -1,322458 -1,955627 -2,558959 -3,049434 
141 уравнение: 1,000000 0,140249 -1,104402 -2,847925 -5,228329 -8,411154 -12,593889 -18,010385 -24,935711 -33,691378 -44,650915 
142 уравнение: 1,000000 0,647595 -0,088532 -1,350331 -3,316391 -6,208199 -10,298025 -15,916738 -23,462388 -33,409386 -46,318281 
143 уравнение: 1,000000 -1,002051 -4,412909 -9,263660 -16,005267 -25,187191 -37,472293 -53,651394 -74,659112 -101,590668 -135,719643 
144 уравнение: 1,000000 1,451438 2,333905 2,864284 2,916585 2,357993 1,052618 -1,134429 -4,332299 -8,659061 -14,215765 
145 уравнение: 1,000000 3,412516 7,587225 13,446847 21,514849 32,428948 46,957825 66,017321 90,687954 122,233405 162,119955 
146 уравнение: 1,000000 2,680442 4,953991 7,611770 10,725928 14,385020 18,696515 23,789203 29,815775 36,955521 45,417150 
147 уравнение: 1,000000 1,271435 2,067368 3,365730 5,343243 8,211626 12,220960 17,662723 24,872916 34,235180 46,183913 
148 уравнение: 1,000000 3,238241 6,384932 10,084792 14,376314 19,289439 24,842607 31,039818 37,867392 45,290490 53,249390 
149 уравнение: 1,000000 1,712540 2,800670 3,822746 4,615594 4,949819 4,515514 2,908086 -0,387272 -6,012213 -14,752924 
150 уравнение: 1,000000 -0,028664 -2,036923 -4,910584 -8,923386 -14,411969 -21,786273 -31,539758 -44,260563 -60,643390 -81,502098 
151 уравнение: 1,000000 -0,072923 -2,277783 -5,195704 -9,001692 -13,900683 -20,130829 -27,966597 -37,722079 -49,754405 -64,467284 
152 уравнение: 1,000000 2,389614 4,564123 7,483534 11,394586 16,605719 23,497473 32,532708 44,267763 59,364340 78,602098 
153 уравнение: 1,000000 -1,698711 -5,088191 -9,271423 -14,463355 -20,931155 -29,002872 -39,075956 -51,626558 -67,219428 -86,518415 
154 уравнение: 1,000000 2,094163 3,910930 6,079248 8,678195 11,806420 15,585602 20,163861 25,719477 32,464850 40,650699 
155 уравнение: 1,000000 0,569861 -0,162058 -1,259475 -2,786744 -4,807186 -7,380921 -10,562629 -14,399030 -18,926123 -24,166190 
156 уравнение: 1,000000 2,808653 4,994866 7,763311 11,240784 15,579917 20,963861 27,610925 35,779679 45,774414 57,950960 
157 уравнение: 1,000000 1,950391 3,588598 5,842917 8,923732 13,098982 18,705255 26,158784 35,967497 48,743924 65,218936 
158 уравнение: 1,000000 0,474330 -0,227211 -0,629141 -0,544724 0,264501 2,097643 5,323213 10,388660 17,830514 28,285126 
159 уравнение: 1,000000 1,154514 1,263609 1,615228 2,328816 3,561866 5,518236 8,456508 12,699220 18,642834 26,768408 
160 уравнение: 1,000000 0,951221 1,374251 2,283401 3,806884 6,086984 9,280131 13,556834 19,101504 26,112150 34,799962 
161 уравнение: 1,000000 1,169831 1,344744 1,421235 1,300864 0,852323 -0,094279 -1,752991 -4,388084 -8,320468 -13,934472 
162 уравнение: 1,000000 1,535929 2,501976 3,838163 5,679856 8,194472 11,585542 16,096516 22,014783 29,675814 39,467418 
163 уравнение: 1,000000 -0,543738 -3,019110 -7,065397 -13,233360 -22,202076 -34,799984 -52,025563 -75,069895 -105,340659 -144,487574 
164 уравнение: 1,000000 1,311285 1,921472 2,973692 4,655968 7,209359 10,938275 16,220765 23,519860 33,395749 46,518802 
165 уравнение: 1,000000 3,548642 8,176573 14,758719 23,933422 36,488704 53,386786 75,788166 105,077905 142,893583 191,154940 
166 уравнение: 1,000000 2,834244 5,095123 7,856173 11,254336 15,461219 20,688812 27,195066 35,289951 45,341876 57,784472 
167 уравнение: 1,000000 1,802034 2,596667 3,368092 4,103310 4,793301 5,434496 6,030245 6,592437 7,143243 7,716972 
168 уравнение: 1,000000 1,408857 1,655394 1,981092 2,445317 3,128308 4,134907 5,598192 7,683445 10,592344 14,567411 
169 уравнение: 1,000000 3,108369 5,593000 8,658361 12,432251 17,069500 22,756661 29,716641 38,213813 48,559464 61,117627 
170 уравнение: 1,000000 0,545357 -1,106365 -3,926130 -8,336042 -14,854358 -24,109948 -36,856323 -53,986813 -76,550587 -105,769516 
171 уравнение: 1,000000 1,011770 1,206592 1,605206 2,377065 3,748414 6,012435 9,539226 14,786729 22,312362 32,785387 
172 уравнение: 1,000000 1,559948 1,832469 2,072130 2,265145 2,395820 2,446295 2,396310 2,222965 1,900480 1,399955 
173 уравнение: 1,000000 3,482228 6,637612 10,294424 14,418433 18,940259 23,747920 28,679557 33,515511 37,969920 41,681845 
174 уравнение: 1,000000 1,244891 1,406549 1,243335 0,563438 -0,883870 -3,419149 -7,443478 -13,450099 -22,036771 -33,918854 
175 уравнение: 1,000000 -0,886640 -3,498449 -6,626029 -10,378382 -14,884465 -20,294999 -26,784102 -34,550975 -43,821579 -54,850312 
176 уравнение: 1,000000 -1,442144 -5,263788 -10,023231 -15,900406 -23,097981 -31,842656 -42,386331 -55,007306 -70,011481 -87,733556 
177 уравнение: 1,000000 -1,319413 -4,713843 -9,249704 -15,202365 -22,894024 -32,699239 -45,050211 -60,442420 -79,440506 -102,684389 
178 уравнение: 1,000000 0,937126 0,686470 0,127991 -0,900689 -2,611930 -5,277692 -9,239056 -14,916660 -22,821865 -33,568631 
179 уравнение: 1,000000 0,493092 0,570250 1,175198 2,530742 4,911850 8,653622 14,159038 21,907358 32,463002 46,484910 
180 уравнение: 1,000000 0,115810 -0,994195 -2,501150 -4,537426 -7,267443 -10,892870 -15,657737 -21,854015 -29,827553 -39,984382 
181 уравнение: 1,000000 1,708169 2,817553 3,970288 5,140881 6,304814 7,441157 8,535341 9,582336 10,590191 11,583937 
182 уравнение: 1,000000 0,488975 -0,125610 -0,709755 -1,220315 -1,604115 -1,796915 -1,722475 -1,291595 -0,401155 1,066845 
183 уравнение: 1,000000 3,473120 7,217391 12,051165 18,239888 26,103030 36,022738 48,452365 63,925758 83,067170 106,601748 
184 уравнение: 1,000000 2,690364 5,561781 9,343637 14,214429 20,367654 28,010673 37,363404 48,656768 62,130885 78,033035 
185 уравнение: 1,000000 0,337533 -1,782983 -5,353274 -10,914537 -19,142819 -30,872501 -47,119441 -69,106300 -98,289538 -136,388095 
186 уравнение: 1,000000 2,339940 5,010363 9,263961 15,669923 24,930714 37,902943 55,617741 79,302897 110,406322 150,620825 
187 уравнение: 1,000000 3,441153 7,550439 13,059188 20,378145 30,008486 42,555501 58,741921 79,422376 105,598695 138,436049 
188 уравнение: 1,000000 1,138909 1,841849 3,064290 5,001033 7,891466 12,026059 17,752643 25,483188 35,700943 48,967939 
189 уравнение: 1,000000 2,854572 5,955524 9,655184 13,998901 19,022218 24,747224 31,178850 38,300726 46,070681 54,415885 
190 уравнение: 1,000000 2,315339 3,027410 3,730019 4,316221 4,639230 4,505225 3,666305 1,812812 -1,434835 -6,534777 
191 уравнение: 1,000000 1,013263 1,016149 0,812416 0,328849 -0,518234 -1,823064 -3,690351 -6,235104 -9,582333 -13,866629 
192 уравнение: 1,000000 -0,266938 -2,723587 -5,674018 -9,253457 -13,633107 -19,026117 -25,693398 -33,949919 -44,171371 -56,801183 
193 уравнение: 1,000000 2,336324 4,594176 7,871941 12,497283 18,868732 27,465899 38,859394 53,721566 72,837846 97,118683 
194 уравнение: 1,000000 -0,102998 -1,866737 -4,179905 -7,140722 -10,857872 -15,451725 -21,055572 -27,817003 -35,899406 -45,483594 
195 уравнение: 1,000000 0,699210 0,925975 1,788093 3,599023 6,755348 11,750197 19,186340 29,790408 44,427950 64,119337 
196 уравнение: 1,000000 2,050807 3,537271 5,354497 7,581208 10,316349 13,683251 17,833804 22,953077 29,264300 37,034204 
197 уравнение: 1,000000 0,729746 0,611995 0,404714 0,101976 -0,298932 -0,796991 -1,386979 -2,058997 -2,797986 -3,583244 
198 уравнение: 1,000000 1,118659 0,788392 0,411437 0,046948 -0,217961 -0,262759 0,071843 0,989716 2,745490 5,651094 
199 уравнение: 1,000000 2,780851 5,656129 9,531920 14,709897 21,564171 30,554123 42,237094 57,282302 76,485728 100,785953 
200 уравнение: 1,000000 0,433596 -0,307862 -1,362039 -2,810509 -4,745859 -7,272209 -10,505679 -14,574869 -19,621339 -25,800089 
201 уравнение: 1,000000 2,419918 4,470127 7,213478 10,854634 15,646767 21,899967 29,989525 40,364991 53,559833 70,201704 
202 уравнение: 1,000000 0,987233 0,707610 0,157297 -0,746352 -2,099010 -4,010418 -6,605317 -10,024405 -14,425303 -19,983512 
203 уравнение: 1,000000 -0,207838 -2,365045 -5,444304 -9,743495 -15,627053 -23,535928 -33,997271 -47,634931 -65,180559 -87,485305 
204 уравнение: 1,000000 2,611117 4,395412 6,244654 7,996316 9,423883 10,224726 10,008174 8,282498 4,441047 -2,252448 
205 уравнение: 1,000000 1,082010 1,690339 2,153716 2,377774 2,240891 1,588997 0,230463 -2,069482 -5,594687 -10,684382 
206 уравнение: 1,000000 0,072250 -0,586677 -1,169205 -1,628691 -1,913041 -1,965145 -1,723412 -1,122432 -0,093756 1,433207 
207 уравнение: 1,000000 2,911067 5,947183 9,825840 14,776342 21,079559 29,075889 39,173013 51,854292 67,687644 87,334910 
208 уравнение: 1,000000 1,711817 2,775733 4,137150 5,845067 7,952083 10,514400 13,591817 17,247733 21,549150 26,566667 
209 уравнение: 1,000000 2,900625 6,339770 11,376469 18,542050 28,488416 42,006666 60,045302 83,730023 114,384729 153,553720 
210 уравнение: 1,000000 2,636390 4,969518 8,247287 12,726711 18,712286 26,562221 36,694487 49,593353 65,816290 86,001227 
211 уравнение: 1,000000 1,495441 2,478530 3,631208 4,913961 6,261170 7,575214 8,720595 9,517452 9,734604 9,082113 
212 уравнение: 1,000000 0,512034 -0,663322 -2,041787 -3,635999 -5,454074 -7,497692 -9,760093 -12,223797 -14,858085 -17,616235 
213 уравнение: 1,000000 2,794462 6,013905 10,207771 15,694302 22,870393 32,223805 44,345018 59,940072 79,844127 105,035744 
214 уравнение: 1,000000 1,155543 0,868261 0,701162 0,793410 1,334860 2,575930 4,837362 8,520894 14,120668 22,235342 
215 уравнение: 1,000000 2,069805 3,684244 5,998154 9,245408 13,711283 19,739468 27,738814 38,190590 51,656107 68,784694 
216 уравнение: 1,000000 -0,774195 -2,990457 -5,948181 -9,852312 -14,952437 -21,549975 -30,005228 -40,745055 -54,271035 -71,168110 
217 уравнение: 1,000000 -0,932850 -3,209992 -6,166903 -9,965238 -14,796029 -20,883678 -28,489823 -37,917546 -49,515805 -63,684122 
218 уравнение: 1,000000 -1,117731 -4,322515 -8,593763 -14,290867 -21,865883 -31,879380 -45,016009 -62,101480 -84,120622 -112,236525 
219 уравнение: 1,000000 0,367783 -0,274144 -0,635672 -0,616158 -0,104708 1,019389 2,886122 5,634101 9,409777 14,366540 
220 уравнение: 1,000000 2,697755 4,671321 7,264168 10,654523 15,060190 20,744517 28,022214 37,265652 48,911521 63,467849 
221 уравнение: 1,000000 0,067939 -2,041646 -4,994593 -9,033487 -14,449812 -21,590697 -30,865433 -42,752489 -57,806896 -76,667983 
222 уравнение: 1,000000 0,031252 -1,206860 -2,737592 -4,630807 -6,971465 -9,861877 -13,423872 -17,801141 -23,161693 -29,700439 
223 уравнение: 1,000000 2,825090 4,495004 6,271389 8,154965 10,154298 12,288488 14,589875 17,107040 19,908041 23,083899 
224 уравнение: 1,000000 1,078073 1,218458 1,398134 1,628454 1,921321 2,288484 2,740774 3,287200 3,933933 4,683162 
225 уравнение: 1,000000 0,208563 -2,022849 -5,341535 -10,096593 -16,715726 -25,717883 -37,725655 -53,478771 -73,848442 -99,852537 
226 уравнение: 1,000000 1,394199 2,143919 3,275821 4,956421 7,398296 10,867785 15,692507 22,269524 31,073975 42,668199 
227 уравнение: 1,000000 0,222346 -1,331784 -3,654476 -7,038836 -11,856944 -18,573979 -27,762083 -40,115475 -56,466534 -77,802842 
228 уравнение: 1,000000 3,186280 5,500998 7,854114 10,117820 12,119346 13,631850 14,365374 13,956876 11,959558 7,831458 
229 уравнение: 1,000000 3,116095 6,797115 11,546076 17,655573 25,482248 35,456490 48,091890 63,995497 83,878681 108,568593 
230 уравнение: 1,000000 2,174572 3,153820 4,080707 4,828646 5,229355 5,066103 4,067200 1,898977 -1,841596 -7,634650 
231 уравнение: 1,000000 1,868652 2,549939 3,225025 3,818040 4,225266 4,309930 3,897105 2,768118 0,654622 -2,767716 
232 уравнение: 1,000000 2,774844 6,035569 10,845289 17,749124 27,425031 40,705631 58,599582 82,314865 113,283501 153,187708 
233 уравнение: 1,000000 -0,656772 -2,868046 -5,561929 -8,797410 -12,627927 -17,097280 -22,235389 -28,053494 -34,538875 -41,649092 
234 уравнение: 1,000000 1,603711 2,808191 4,616423 7,243355 10,956155 16,082872 23,020956 32,246558 44,324428 59,918415 
235 уравнение: 1,000000 -1,044158 -4,031789 -8,142012 -13,724860 -21,212126 -31,130970 -44,117312 -60,930472 -82,468770 -109,786086 
236 уравнение: 1,000000 0,067326 -2,188179 -5,486466 -10,191212 -16,754886 -25,733389 -37,800379 -53,762877 -74,577824 -101,369598 
237 уравнение: 1,000000 -1,118233 -3,826153 -6,571693 -9,247563 -11,722813 -13,840763 -15,417133 -16,238123 -16,058493 -14,599643 
238 уравнение: 1,000000 2,707852 5,849956 10,421334 16,918237 25,951878 38,265397 54,750294 76,464189 104,649542 140,753333 
239 уравнение: 1,000000 0,427125 -0,375333 -1,147542 -1,860000 -2,480208 -2,972667 -3,298875 -3,417333 -3,283542 -2,850000 
240 уравнение: 1,000000 1,007915 1,440306 2,517907 4,462867 7,534517 12,032217 18,297927 26,718847 37,730057 51,817157 
241 уравнение: 1,000000 0,490237 -0,207599 -1,320356 -3,012125 -5,490491 -9,014425 -13,902096 -20,539455 -29,389411 -41,001615 
242 уравнение: 1,000000 -0,911248 -4,318916 -8,973338 -15,277910 -23,736268 -34,969610 -49,733738 -68,937650 -93,663348 -125,186830 
243 уравнение: 1,000000 1,266595 1,426258 1,401939 1,089694 0,353311 -0,982540 -3,139188 -6,391583 -11,076516 -17,601436 
244 уравнение: 1,000000 -1,057243 -2,891405 -4,729616 -6,473507 -7,995057 -9,131397 -9,679696 -9,391585 -7,967213 -5,048951 
245 уравнение: 1,000000 2,632892 4,905257 8,333587 13,320923 20,371197 30,107260 43,288681 60,831250 83,827798 113,570335 
246 уравнение: 1,000000 1,414122 1,686207 1,709960 1,292425 0,178076 -1,962798 -5,545546 -11,083699 -19,202347 -30,652359 
247 уравнение: 1,000000 1,443658 1,616484 1,081576 -0,567761 -3,858893 -9,461871 -18,211104 -31,129063 -49,451537 -74,654457 
248 уравнение: 1,000000 1,139635 1,492864 2,083453 2,976188 4,243763 5,967038 8,235273 11,146368 14,807103 19,333378 
249 уравнение: 1,000000 0,556624 -0,901584 -3,202873 -6,630052 -11,528068 -18,313452 -27,483533 -39,626462 -55,431828 -75,701882 
250 уравнение: 1,000000 3,607069 7,038711 11,448093 17,051291 24,095950 32,863608 43,671806 56,876245 72,872943 92,100401 
251 уравнение: 1,000000 0,307826 -1,149996 -2,725825 -4,340141 -5,874567 -7,163021 -7,982905 -8,045377 -6,984919 -4,348169 
252 уравнение: 1,000000 2,673150 5,294770 8,740960 13,220655 18,978280 26,296855 35,500800 46,958815 61,086760 78,350535 
253 уравнение: 1,000000 -0,816265 -3,767518 -7,567162 -12,434711 -18,634161 -26,480221 -36,344362 -48,661353 -63,936165 -82,751227 
254 уравнение: 1,000000 1,059309 1,085537 0,878233 0,301021 -0,824879 -2,728796 -5,698661 -10,089823 -16,334472 -24,951659 
255 уравнение: 1,000000 1,649172 2,660665 4,149039 6,257882 9,164898 13,088328 18,293293 25,098751 33,884943 45,101310 
256 уравнение: 1,000000 -0,394144 -1,807530 -3,555236 -5,687545 -8,255670 -11,310541 -14,901570 -19,075264 -23,873735 -29,333073 
257 уравнение: 1,000000 3,697646 8,112254 13,653393 20,570790 29,159148 39,764117 52,788106 68,696585 88,024746 111,384516 
258 уравнение: 1,000000 3,290061 7,078980 11,907260 18,025487 25,733145 35,385364 47,399433 62,261823 80,535563 102,867983 
259 уравнение: 1,000000 2,414706 4,957028 8,755944 14,272637 22,081611 32,888617 47,548084 67,082023 92,700003 125,820215 
260 уравнение: 1,000000 1,538685 2,528454 4,059773 6,275073 9,336523 13,427323 18,752873 25,541973 34,048023 44,550223 
261 уравнение: 1,000000 1,112179 1,501729 2,258539 3,487686 5,311036 7,869239 11,323666 15,858506 21,682990 29,033728 
262 уравнение: 1,000000 3,292296 6,366241 10,285746 15,240169 21,445369 29,144816 38,610459 50,143509 64,075095 80,766807 
263 уравнение: 1,000000 0,419259 -0,770310 -2,867082 -6,202726 -11,184950 -18,309196 -28,170022 -41,473470 -59,050138 -81,868988 
264 уравнение: 1,000000 3,392629 6,416650 10,012751 14,260641 19,244725 25,052701 31,774031 39,498133 48,312349 58,299657 
265 уравнение: 1,000000 0,485521 -0,994765 -3,408591 -7,031964 -12,185598 -19,238531 -28,611404 -40,779818 -56,277691 -75,700624 
266 уравнение: 1,000000 2,907169 5,896758 10,585492 17,579632 27,625532 41,631019 60,686245 86,086300 119,355153 162,270914 
267 уравнение: 1,000000 -0,298402 -3,177444 -7,305460 -13,108419 -21,117544 -31,987153 -46,512167 -65,647186 -90,526770 -122,486919 
268 уравнение: 1,000000 1,089576 1,776336 2,801774 4,142511 5,735986 7,470841 9,177394 10,617207 11,471918 11,331369 
269 уравнение: 1,000000 0,474306 -0,912464 -2,508845 -4,331121 -6,396888 -8,725305 -11,337331 -14,255968 -17,506495 -21,116711 
270 уравнение: 1,000000 -1,869783 -6,121093 -12,056897 -20,224668 -31,298884 -46,100685 -65,617011 -91,021361 -123,695757 -165,253898 
271 уравнение: 1,000000 1,730218 2,181672 2,511925 2,619107 2,371099 1,600330 0,098671 -2,388148 -6,166478 -11,601049 
272 уравнение: 1,000000 0,700615 0,356727 0,295459 0,628674 1,488132 3,027744 5,425739 8,887008 13,645560 19,967106 
273 уравнение: 1,000000 3,788358 7,775024 12,860538 19,268968 27,246793 37,061154 48,997712 63,358005 80,456334 100,616160 
274 уравнение: 1,000000 1,853956 3,219068 5,252723 8,201521 12,377687 18,171381 26,062923 36,636233 50,593231 68,769197 
275 уравнение: 1,000000 0,418855 -0,055203 -0,166669 0,234038 1,327847 3,331965 6,504764 11,151114 17,628084 26,351004 
276 уравнение: 1,000000 1,998307 3,500587 5,703379 8,857707 13,277607 19,350777 27,549039 38,439731 52,697835 71,118809 
277 уравнение: 1,000000 -0,077452 -2,460777 -5,829785 -10,546443 -17,067992 -25,963323 -37,929005 -53,806749 -74,601944 -101,503281 
278 уравнение: 1,000000 -1,014260 -3,661195 -7,098603 -11,571653 -17,388578 -24,932027 -34,670290 -47,169598 -63,107260 -83,285647 
279 уравнение: 1,000000 1,635731 2,850068 4,280464 5,920126 7,748801 9,729569 11,805670 13,897025 15,896512 17,666012 
280 уравнение: 1,000000 3,675993 7,858240 13,286760 20,298004 29,299995 40,782804 55,328700 73,623134 96,466315 124,785394 
281 уравнение: 1,000000 1,698679 2,493193 3,406806 4,416580 5,483663 6,549387 7,531319 8,318891 8,768653 8,699174 
282 уравнение: 1,000000 -0,581987 -2,807840 -5,742712 -9,534460 -14,346860 -20,359253 -27,765939 -36,775338 -47,608910 -60,499836 
283 уравнение: 1,000000 1,510973 1,681934 1,505705 0,853993 -0,425157 -2,510564 -5,611088 -9,969109 -15,864247 -23,617321 
284 уравнение: 1,000000 0,307399 -0,858249 -2,588648 -5,082099 -8,582091 -13,383793 -19,840335 -28,369588 -39,461301 -53,684605 
285 уравнение: 1,000000 -1,333013 -5,387835 -10,673358 -17,527603 -26,358803 -37,654917 -51,992784 -70,047966 -92,605062 -120,568511 
286 уравнение: 1,000000 0,644473 -0,088453 -1,307890 -3,135763 -5,706763 -9,168160 -13,679503 -19,412202 -26,548989 -35,283251 
287 уравнение: 1,000000 0,989263 1,221987 1,814951 2,913880 4,697097 7,380020 11,219511 16,518548 23,631153 32,967544 
288 уравнение: 1,000000 1,781892 2,846803 4,070125 5,515372 7,272164 9,462119 12,244738 15,823882 20,454729 26,451220 
289 уравнение: 1,000000 2,312633 4,542369 7,512385 11,405612 16,432895 22,834625 30,882072 40,878645 53,161034 68,100230 
290 уравнение: 1,000000 -0,293900 -2,772438 -6,467861 -11,854003 -19,530227 -30,242993 -44,907001 -64,628231 -90,728423 -124,770997 
291 уравнение: 1,000000 2,156517 3,433734 4,847242 6,419043 8,178718 10,164896 12,426728 15,025504 18,036393 21,550305 
292 уравнение: 1,000000 2,550367 4,891726 7,981145 12,008281 17,199747 23,824574 32,199552 42,695050 55,741198 71,834427 
293 уравнение: 1,000000 2,899024 5,990597 9,879492 14,783089 20,972347 28,781426 38,617206 50,969726 66,423348 85,668631 
294 уравнение: 1,000000 0,712462 -0,398129 -1,881231 -3,835419 -6,376661 -9,640306 -13,783024 -18,984906 -25,451682 -33,417061 
295 уравнение: 1,000000 -0,273581 -1,914468 -3,883705 -6,204502 -8,894186 -11,962466 -15,409732 -19,225195 -23,384904 -27,849650 
296 уравнение: 1,000000 -1,342470 -5,616021 -11,596495 -19,836934 -31,016025 -45,956798 -65,644761 -91,247527 -124,135504 -165,903682 
297 уравнение: 1,000000 3,029080 5,704923 9,091668 13,402053 18,905719 25,939606 34,918174 46,344563 60,822474 79,068765 
298 уравнение: 1,000000 1,385479 1,787718 2,484326 3,565018 5,131776 7,298931 10,193092 13,952970 18,729075 24,683296 
299 уравнение: 1,000000 1,346916 2,392067 4,034951 6,542461 10,261177 15,632878 23,209944 33,672275 47,845411 66,719851 
300 уравнение: 1,000000 0,303420 -0,520197 -1,139630 -1,373067 -0,978576 0,357943 3,034750 7,547465 14,503228 24,635819 