Точки: 0,000000 0,100000 0,200000 0,300000 0,400000 0,500000 0,600000 0,700000 0,800000 0,900000 1,000000 
Результат: 
1 уравнение: 1,000000 1,020377 1,083612 1,195036 1,364150 1,605784 1,941107 2,398130 3,011882 3,824233 4,883354 
2 уравнение: 1,000000 1,036042 1,148565 1,344348 1,629965 2,011448 2,494138 3,082815 3,782059 4,596850 5,533409 
3 уравнение: 1,000000 0,960561 0,843530 0,648076 0,368117 -0,010065 -0,511423 -1,176344 -2,065761 -3,267081 -4,900977 
4 уравнение: 1,000000 1,005585 1,023898 1,054980 1,094537 1,132171 1,148840 1,114026 0,982368 0,689825 0,149359 
5 уравнение: 1,000000 1,003329 1,006538 0,999027 0,969224 0,904141 0,788857 0,606054 0,335531 -0,046272 -0,566756 
6 уравнение: 1,000000 0,963921 0,850661 0,650831 0,351999 -0,062026 -0,612154 -1,325016 -2,234101 -3,381020 -4,816883 
7 уравнение: 1,000000 0,989688 0,957605 0,902053 0,820958 0,711433 0,569257 0,388412 0,160597 -0,125247 -0,483422 
8 уравнение: 1,000000 0,958619 0,828608 0,600558 0,264613 -0,189029 -0,769417 -1,484082 -2,338133 -3,333241 -4,466495 
9 уравнение: 1,000000 1,034348 1,134767 1,296837 1,514843 1,781226 2,086167 2,417484 2,760758 3,099689 3,416697 
10 уравнение: 1,000000 1,005718 1,026176 1,067293 1,136138 1,240597 1,388748 1,588033 1,844170 2,159841 2,533124 
11 уравнение: 1,000000 1,000008 1,000257 1,001945 1,008218 1,025052 1,062285 1,134558 1,262272 1,472545 1,800178 
12 уравнение: 1,000000 0,985694 0,945830 0,885876 0,813196 0,738095 0,675406 0,646316 0,680598 0,819179 1,117092 
13 уравнение: 1,000000 1,003180 1,026950 1,096391 1,242292 1,502150 1,921565 2,555778 3,471467 4,748793 6,483676 
14 уравнение: 1,000000 0,979998 0,919914 0,819270 0,676563 0,488488 0,248806 -0,052963 -0,433099 -0,915482 -1,533631 
15 уравнение: 1,000000 0,983766 0,930901 0,836735 0,698192 0,512959 0,278166 -0,011218 -0,364363 -0,796918 -1,333714 
16 уравнение: 1,000000 1,005895 1,026250 1,062684 1,112908 1,169725 1,219635 1,241297 1,203733 1,064282 0,766324 
17 уравнение: 1,000000 0,990643 0,964955 0,925975 0,875556 0,813473 0,735926 0,633635 0,489440 0,275421 -0,050462 
18 уравнение: 1,000000 1,014644 1,057008 1,124583 1,215013 1,326596 1,458983 1,613943 1,796267 2,014784 2,283505 
19 уравнение: 1,000000 1,005333 1,022678 1,054366 1,104119 1,178777 1,291109 1,463326 1,731457 2,150573 2,800843 
20 уравнение: 1,000000 1,019395 1,075830 1,168724 1,301078 1,480245 1,718605 2,033897 2,449343 2,993522 3,700014 
21 уравнение: 1,000000 1,001425 1,011989 1,041912 1,101332 1,198866 1,339692 1,523552 1,742464 1,978210 2,199568 
22 уравнение: 1,000000 0,999610 0,996341 0,985491 0,959703 0,908295 0,816486 0,664698 0,427830 0,074541 -0,433467 
23 уравнение: 1,000000 1,005439 1,024448 1,063437 1,132406 1,245331 1,420502 1,680690 2,053205 2,569836 3,266674 
24 уравнение: 1,000000 0,954155 0,814593 0,581853 0,262658 -0,127976 -0,563589 -1,002601 -1,383872 -1,621541 -1,599150 
25 уравнение: 1,000000 0,984332 0,934624 0,846757 0,716662 0,540653 0,316052 0,042017 -0,279370 -0,641791 -1,033124 
26 уравнение: 1,000000 1,004560 1,015498 1,025955 1,024137 0,991546 0,900441 0,711001 0,367968 -0,203199 -1,100641 
27 уравнение: 1,000000 1,030271 1,121862 1,275964 1,495152 1,784994 2,156039 2,625758 3,220640 3,978415 4,950394 
28 уравнение: 1,000000 0,986502 0,950865 0,898378 0,832831 0,757898 0,678868 0,604351 0,548138 0,531179 0,583683 
29 уравнение: 1,000000 1,019291 1,074102 1,159652 1,271369 1,405219 1,557862 1,726518 1,908607 2,101150 2,299925 
30 уравнение: 1,000000 0,995093 0,981354 0,961033 0,935979 0,905588 0,863829 0,795873 0,674069 0,453328 0,065899 
31 уравнение: 1,000000 1,024875 1,098011 1,214997 1,368691 1,549500 1,745811 1,944537 2,131765 2,293548 2,416793 
32 уравнение: 1,000000 0,976018 0,908240 0,803175 0,668405 0,514196 0,356418 0,220422 0,146017 0,193534 0,450963 
33 уравнение: 1,000000 0,976556 0,911412 0,809469 0,670794 0,489519 0,252544 -0,061631 -0,484106 -1,056781 -1,833556 
34 уравнение: 1,000000 0,998338 0,986827 0,956338 0,899517 0,812067 0,694577 0,554598 0,409099 0,287291 0,233803 
35 уравнение: 1,000000 0,959406 0,835813 0,627710 0,335170 -0,040097 -0,494560 -1,022570 -1,615936 -2,263389 -2,949918 
36 уравнение: 1,000000 1,011431 1,052170 1,133249 1,266804 1,465030 1,738594 2,094809 2,535402 3,053946 3,632908 
37 уравнение: 1,000000 0,976256 0,909413 0,804560 0,664770 0,491153 0,283040 0,038280 -0,246336 -0,574539 -0,949918 
38 уравнение: 1,000000 1,005691 1,025690 1,064538 1,126301 1,213460 1,325154 1,455045 1,588672 1,700334 1,749493 
39 уравнение: 1,000000 1,010148 1,042325 1,101542 1,195654 1,334862 1,531017 1,796849 2,145067 2,587341 3,133162 
40 уравнение: 1,000000 1,004732 1,018245 1,040009 1,069668 1,106768 1,150778 1,201529 1,259990 1,329412 1,416824 
41 уравнение: 1,000000 1,025350 1,102810 1,234080 1,419515 1,657240 1,942115 2,264800 2,610795 2,959480 3,283155 
42 уравнение: 1,000000 0,994944 0,979029 0,949735 0,902419 0,830211 0,724109 0,573355 0,366027 0,089887 -0,266547 
43 уравнение: 1,000000 1,023048 1,084714 1,174320 1,281363 1,394738 1,501606 1,586087 1,627701 1,599568 1,466369 
44 уравнение: 1,000000 1,016255 1,069381 1,164439 1,304790 1,492765 1,730903 2,023626 2,379393 2,813343 3,350418 
45 уравнение: 1,000000 0,985122 0,941947 0,875004 0,792731 0,708972 0,645538 0,635478 0,727222 0,989561 1,517465 
46 уравнение: 1,000000 0,949982 0,799792 0,549190 0,197670 -0,256321 -0,816984 -1,493437 -2,302721 -3,273516 -4,450582 
47 уравнение: 1,000000 0,990785 0,964340 0,917275 0,837726 0,703535 0,479990 0,117661 -0,449941 -1,308826 -2,567106 
48 уравнение: 1,000000 1,004713 1,018027 1,039321 1,068740 1,107307 1,157280 1,222761 1,310528 1,431123 1,600164 
49 уравнение: 1,000000 0,944029 0,772539 0,481119 0,067201 -0,469224 -1,124646 -1,891034 -2,754699 -3,695030 -4,683117 
50 уравнение: 1,000000 1,011075 1,049189 1,122953 1,242509 1,419250 1,665389 1,993413 2,415435 2,942402 3,583207 
51 уравнение: 1,000000 0,970954 0,887339 0,754044 0,576001 0,358901 0,110154 -0,160109 -0,437899 -0,704105 -0,933117 
52 уравнение: 1,000000 0,994964 0,979247 0,950179 0,901253 0,820186 0,686309 0,467792 0,118464 -0,425724 -1,250603 
53 уравнение: 1,000000 0,966593 0,872187 0,724533 0,530924 0,299582 0,041857 -0,225100 -0,475039 -0,668712 -0,749366 
54 уравнение: 1,000000 1,000929 1,006939 1,022019 1,049601 1,093276 1,157754 1,249866 1,379701 1,561870 1,816883 
55 уравнение: 1,000000 0,954927 0,818875 0,589533 0,263546 -0,162987 -0,693817 -1,331774 -2,077867 -2,930266 -3,883162 
56 уравнение: 1,000000 1,030385 1,123531 1,283536 1,516188 1,829180 2,232371 2,738023 3,361035 4,119186 5,033378 
57 уравнение: 1,000000 1,020222 1,081073 1,181792 1,320950 1,496883 1,707753 1,951039 2,222580 2,515138 2,816472 
58 уравнение: 1,000000 1,007103 1,037685 1,107586 1,234943 1,439527 1,741497 2,159732 2,709674 3,400682 4,232915 
59 уравнение: 1,000000 1,010281 1,041813 1,094585 1,167170 1,256778 1,359440 1,470305 1,584064 1,695486 1,800082 
60 уравнение: 1,000000 1,022327 1,098474 1,241541 1,463170 1,772878 2,177286 2,679415 3,277963 3,966591 4,733200 
61 уравнение: 1,000000 0,987930 0,962971 0,941384 0,939675 0,976150 1,073188 1,259851 1,574998 2,070888 2,817263 
62 уравнение: 1,000000 1,030059 1,121089 1,276360 1,503093 1,814176 2,230519 2,783593 3,518368 4,496613 5,800559 
63 уравнение: 1,000000 0,995365 0,983281 0,967727 0,955280 0,956330 0,986737 1,069600 1,237301 1,533779 2,017054 
64 уравнение: 1,000000 0,995864 0,988458 0,988592 1,011121 1,074446 1,199817 1,410565 1,731200 2,186391 2,799829 
65 уравнение: 1,000000 1,004767 1,016154 1,024952 1,014873 0,961948 0,833926 0,589878 0,179894 -0,455097 -1,383385 
66 уравнение: 1,000000 0,995387 0,980805 0,949752 0,888157 0,773932 0,576457 0,256112 -0,236203 -0,959548 -1,983422 
67 уравнение: 1,000000 0,943355 0,766960 0,461296 0,017007 -0,574985 -1,323120 -2,234597 -3,314538 -4,564902 -5,983169 
68 уравнение: 1,000000 0,989062 0,953164 0,889724 0,799745 0,688578 0,566605 0,449564 0,358677 0,320522 0,366681 
69 уравнение: 1,000000 1,008277 1,025674 1,039491 1,034370 0,991628 0,888486 0,697365 0,385163 -0,087459 -0,766800 
70 уравнение: 1,000000 1,010017 1,040154 1,090202 1,158873 1,243198 1,337926 1,435128 1,523894 1,590153 1,616615 
71 уравнение: 1,000000 0,994459 0,976677 0,947003 0,907931 0,862931 0,814514 0,761789 0,697407 0,603898 0,449411 
72 уравнение: 1,000000 1,010012 1,040353 1,092552 1,170253 1,279703 1,429993 1,632852 1,902111 2,252799 2,699887 
73 уравнение: 1,000000 1,050102 1,201664 1,458586 1,827655 2,318763 2,945171 3,723740 4,675168 5,824236 7,200045 
74 уравнение: 1,000000 0,995594 0,984208 0,967533 0,946213 0,920346 0,890183 0,856893 0,823467 0,795734 0,783505 
75 уравнение: 1,000000 1,004642 1,016933 1,033975 1,052267 1,067708 1,075600 1,070642 1,046933 0,997975 0,916667 
76 уравнение: 1,000000 1,015249 1,061200 1,136102 1,235318 1,351601 1,476001 1,599369 1,714454 1,818607 1,917078 
77 уравнение: 1,000000 0,988619 0,948619 0,870680 0,745304 0,563596 0,318394 0,005580 -0,374368 -0,814568 -1,299702 
78 уравнение: 1,000000 0,990492 0,962544 0,913947 0,838558 0,726583 0,565011 0,338153 0,028299 -0,383502 -0,916540 
79 уравнение: 1,000000 0,971387 0,891563 0,770657 0,620168 0,452568 0,280508 0,115677 -0,032694 -0,159696 -0,266958 
80 уравнение: 1,000000 0,988922 0,950704 0,876074 0,752671 0,563988 0,287794 -0,105700 -0,656064 -1,415229 -2,450425 
81 уравнение: 1,000000 1,016043 1,068586 1,164348 1,309253 1,507212 1,758463 2,057808 2,392565 2,740296 3,066279 
82 уравнение: 1,000000 0,980356 0,923013 0,830660 0,706370 0,553653 0,376640 0,180380 -0,028736 -0,242439 -0,449918 
83 уравнение: 1,000000 1,036997 1,155904 1,368149 1,683871 2,110863 2,652994 3,308375 4,067136 4,908846 5,799575 
84 уравнение: 1,000000 1,019319 1,074577 1,162285 1,280515 1,429732 1,613645 1,839845 2,120341 2,471984 2,916763 
85 уравнение: 1,000000 0,978640 0,908912 0,781975 0,588978 0,321944 -0,024726 -0,452351 -0,955573 -1,519471 -2,116204 
86 уравнение: 1,000000 0,979716 0,918144 0,815416 0,674252 0,501693 0,311909 0,129709 -0,005077 -0,032377 0,134176 
87 уравнение: 1,000000 0,989477 0,954465 0,887353 0,778431 0,617273 0,394468 0,103326 -0,258262 -0,685846 -1,166317 
88 уравнение: 1,000000 0,999956 0,999393 0,997409 0,993364 0,987539 0,981914 0,980869 0,991904 1,026359 1,100134 
89 уравнение: 1,000000 1,014497 1,057484 1,132189 1,248041 1,421383 1,675964 2,042975 2,560746 3,274086 4,233265 
90 уравнение: 1,000000 1,018586 1,067984 1,136953 1,212069 1,278168 1,319332 1,320320 1,268491 1,156207 0,983707 
91 уравнение: 1,000000 0,985065 0,941281 0,872819 0,789256 0,707964 0,657233 0,679512 0,835072 1,206022 1,900692 
92 уравнение: 1,000000 0,956233 0,829045 0,622657 0,338350 -0,026083 -0,477223 -1,027090 -1,694464 -2,506445 -3,500254 
93 уравнение: 1,000000 1,008342 1,026945 1,047188 1,062935 1,071968 1,077908 1,092215 1,136469 1,244890 1,467099 
94 уравнение: 1,000000 0,970040 0,880860 0,735550 0,541474 0,312090 0,069210 -0,154836 -0,314859 -0,350349 -0,182894 
95 уравнение: 1,000000 0,988645 0,949041 0,872948 0,753087 0,584470 0,366417 0,104928 -0,184437 -0,473198 -0,716115 
96 уравнение: 1,000000 0,973388 0,887627 0,735388 0,512317 0,218317 -0,140623 -0,550352 -0,986101 -1,409659 -1,766197 
97 уравнение: 1,000000 0,965612 0,864373 0,697612 0,463683 0,156683 -0,235377 -0,732648 -1,365899 -2,179341 -3,233803 
98 уравнение: 1,000000 1,014625 1,056812 1,124138 1,215468 1,332384 1,481108 1,674498 1,934336 2,293840 2,800432 
99 уравнение: 1,000000 1,006740 1,034512 1,096076 1,206578 1,384444 1,652875 2,041749 2,590027 3,348630 4,383796 
100 уравнение: 1,000000 1,023827 1,089286 1,184798 1,296731 1,411623 1,519692 1,619118 1,721323 1,857206 2,084347 